6 7 9 1 8 2 4 3 5
2 0 8 4 9 3 6 7 1
4 1 3 6 5 7 9 8 2
9 6 1 2 0 5 8 4 3
3 4 5 8 6 1 7 2 9
8 2 7 9 3 4 1 5 0
7 9 0 3 4 6 5 1 8
5 3 6 7 1 8 2 9 4
1 8 4 5 2 9 3 6 0

0 7 8 1 9 2 4 3 5
2 5 9 4 8 3 6 7 1
0 1 3 6 5 7 8 9 2
8 6 1 2 7 5 9 4 3
0 4 5 9 6 1 7 2 8
9 2 7 8 3 4 1 5 6
0 8 2 3 4 6 5 1 9
5 3 6 7 1 9 2 8 4
0 9 4 5 2 8 3 6 7

6 0 9 1 7 2 4 3 5
2 5 7 4 9 3 6 8 1
4 0 3 0 5 8 9 7 2
9 6 1 2 8 5 7 4 3
3 4 5 7 6 1 8 2 9
7 2 8 0 3 4 1 5 6
8 9 2 3 4 6 5 1 7
5 3 6 8 1 7 2 9 4
1 7 4 0 2 9 3 6 8